
Z
60
60
100
100
120
140
140
160
180
180
200
220
220
240
260
260
280
300
300
320
350
400

X
01
02
03
04
05
06
07
08
09
10
11
12
13
14
15
16
17
18
19
20
21
22



X
101
102
103
104
105
106
107
108
109
110
111
112
113
114
115
116
117
118
119
120
121
122

X
201
202
203
204
205
206
207
208
209
210
211
212
213
214
215
216
217
218
219
220
221
222

X
301
302
303
304
305
306
307
308
309
310
311
312
313
314
315
316
317
318
319
320
321
322

X
401
402
403
404
405
406
407
408
409
410
411
412
413
414
415
416
417
418
419
420
421
422

X
501
502
503
504
505
506
507
508
509
510
511
512
513
514
515
516
517
518
519
520
521
522


W
Henrique
Marrom
Azul Claro
Azul Claro
Azul Claro
Rosa
Rosa
Rosa
Laranja
Laranja
Laranja
Vermelho
Vermelho
Vermelho
Amarelo
Amarelo
Amarelo
Verde
Verde
Verde
Azul Escuro
Azul Escuro